[[0.26831925 0.73168075]]
[[0.44495016 0.55504984]]
[[0.33719343 0.6628066 ]]
[[0.25856566 0.74143434]]
[[0.26071498 0.739285  ]]
[[0.16177754 0.8382225 ]]
[[0.5332561  0.46674395]]
[[0.49512854 0.5048715 ]]
[[0.665664   0.33433598]]
[[0.3257885 0.6742115]]
[[0.41872054 0.58127946]]
[[0.33854008 0.66146   ]]
[[0.36714718 0.63285285]]
[[0.37293723 0.62706274]]
[[0.3401398 0.6598602]]
[[0.5698115  0.43018845]]
[[0.53102547 0.4689746 ]]
[[0.2343967 0.7656033]]
[[0.38260338 0.6173966 ]]
[[0.25428173 0.7457183 ]]
[[0.3531488 0.6468512]]
[[0.75249094 0.24750906]]
[[0.16825779 0.8317422 ]]
[[0.22477439 0.77522564]]
[[0.46277425 0.5372258 ]]
[[0.48415634 0.5158437 ]]
[[0.37523657 0.62476337]]
[[0.3635346  0.63646543]]
[[0.371028 0.628972]]
[[0.14154397 0.858456  ]]
[[0.22420311 0.7757969 ]]
[[9.9994278e-01 5.7194844e-05]]
[[9.9990523e-01 9.4813135e-05]]
[[9.9996293e-01 3.7037567e-05]]
[[9.9997640e-01 2.3632738e-05]]
[[9.99987721e-01 1.22781585e-05]]
[[9.999901e-01 9.866507e-06]]
[[9.9999273e-01 7.2289326e-06]]
[[9.9998486e-01 1.5164352e-05]]
[[9.999443e-01 5.565241e-05]]
[[9.9996936e-01 3.0672287e-05]]
[[9.9998581e-01 1.4225728e-05]]
[[9.9993539e-01 6.4620916e-05]]
[[9.9997222e-01 2.7776592e-05]]
[[9.9997175e-01 2.8276005e-05]]
[[9.9998367e-01 1.6293021e-05]]
[[9.9998379e-01 1.6165042e-05]]
[[9.999951e-01 4.937413e-06]]
[[9.9994111e-01 5.8832684e-05]]
[[9.9966824e-01 3.3174796e-04]]
[[9.9981195e-01 1.8804647e-04]]
[[9.9997985e-01 2.0201232e-05]]
[[9.9998021e-01 1.9763884e-05]]
[[9.9996519e-01 3.4812736e-05]]
[[9.9998260e-01 1.7424632e-05]]
[[9.999801e-01 1.995833e-05]]
[[9.9995983e-01 4.0200473e-05]]
[[9.999801e-01 1.985759e-05]]
[[9.9997222e-01 2.7752363e-05]]
[[9.9996626e-01 3.3677112e-05]]
[[9.9996579e-01 3.4245983e-05]]
[[9.999405e-01 5.952513e-05]]
[[9.9997866e-01 2.1308322e-05]]
[[9.9993980e-01 6.0155508e-05]]
[[9.9995828e-01 4.1770654e-05]]
[[0.21879242 0.7812076 ]]
[[0.30622497 0.693775  ]]
[[0.14477725 0.85522276]]
[[0.3121455 0.6878545]]
[[0.09331281 0.90668714]]
[[0.31077835 0.6892217 ]]
[[0.32129538 0.6787046 ]]
[[0.20344003 0.79656   ]]
[[0.25487065 0.74512935]]
[[0.3998429 0.6001571]]
[[0.3588952  0.64110476]]
[[0.29637048 0.70362955]]
[[0.04214522 0.9578548 ]]
[[0.40960583 0.5903942 ]]
[[0.2883397 0.7116603]]
[[0.03767486 0.9623252 ]]
[[0.2557125  0.74428755]]
[[0.02261609 0.977384  ]]
[[0.10699292 0.8930071 ]]
[[0.24240555 0.75759447]]
[[0.12903044 0.87096953]]
[[0.24676473 0.7532353 ]]
[[0.21528378 0.78471625]]
[[0.46487194 0.535128  ]]
[[0.09559304 0.90440696]]
[[0.40368375 0.5963162 ]]
[[0.8377745  0.16222541]]
[[9.999087e-01 9.133308e-05]]
[[0.28696832 0.71303165]]
[[0.10705017 0.8929498 ]]
[[0.20191309 0.79808694]]
[[0.14948203 0.850518  ]]
[[0.3397505 0.6602495]]
[[0.6047035  0.39529654]]
[[0.34673232 0.6532677 ]]
