[[0.9297861  0.07021399]]
[[0.45911646 0.54088354]]
[[0.5459919 0.4540081]]
[[0.42268705 0.57731295]]
[[0.29497907 0.7050209 ]]
[[0.18490693 0.8150931 ]]
[[0.2757657  0.72423434]]
[[0.6700909  0.32990906]]
[[0.9773367  0.02266327]]
[[0.5286062  0.47139385]]
[[0.4114702 0.5885299]]
[[0.9603103  0.03968972]]
[[0.7203197  0.27968034]]
[[0.85052437 0.14947566]]
[[0.9714252  0.02857483]]
[[0.8448069  0.15519316]]
[[0.40639478 0.5936053 ]]
[[0.21173339 0.7882666 ]]
[[0.7891285  0.21087152]]
[[0.55707943 0.44292054]]
[[0.73983765 0.26016232]]
[[0.4817788  0.51822126]]
[[0.43889472 0.56110525]]
[[0.2969629  0.70303714]]
[[0.5288661  0.47113383]]
[[0.393667 0.606333]]
[[0.26567087 0.7343291 ]]
[[0.53965783 0.4603421 ]]
[[0.1786049  0.82139504]]
[[0.93762445 0.06237551]]
[[0.5994137  0.40058634]]
[[9.999218e-01 7.821665e-05]]
[[9.999106e-01 8.934388e-05]]
[[9.9997663e-01 2.3363742e-05]]
[[9.9994254e-01 5.7508067e-05]]
[[9.9997365e-01 2.6295276e-05]]
[[9.9997211e-01 2.7924636e-05]]
[[9.9997842e-01 2.1522495e-05]]
[[9.9996400e-01 3.6042016e-05]]
[[9.9978644e-01 2.1355069e-04]]
[[9.999635e-01 3.649392e-05]]
[[9.9997103e-01 2.8942914e-05]]
[[9.999579e-01 4.202797e-05]]
[[9.9993587e-01 6.4097279e-05]]
[[9.998845e-01 1.155330e-04]]
[[9.9992847e-01 7.1542396e-05]]
[[9.9997950e-01 2.0488435e-05]]
[[9.9996817e-01 3.1821724e-05]]
[[9.9995375e-01 4.6270405e-05]]
[[9.9995565e-01 4.4399425e-05]]
[[9.9996555e-01 3.4408709e-05]]
[[9.9997902e-01 2.1031417e-05]]
[[9.9994576e-01 5.4270527e-05]]
[[9.9996579e-01 3.4169123e-05]]
[[9.9997973e-01 2.0252484e-05]]
[[9.9998534e-01 1.4690499e-05]]
[[9.9995577e-01 4.4204662e-05]]
[[9.9997973e-01 2.0298776e-05]]
[[9.9967170e-01 3.2835946e-04]]
[[9.9996877e-01 3.1249678e-05]]
[[9.9969184e-01 3.0812883e-04]]
[[9.999913e-01 8.654561e-06]]
[[9.9995506e-01 4.4937591e-05]]
[[9.9996257e-01 3.7413218e-05]]
[[9.9985003e-01 1.4990270e-04]]
[[0.6656707  0.33432928]]
[[0.364727 0.635273]]
[[0.29171798 0.70828205]]
[[0.4247359 0.5752641]]
[[0.30189434 0.6981057 ]]
[[0.32078612 0.6792139 ]]
[[0.31850216 0.6814978 ]]
[[0.22370915 0.77629083]]
[[0.9524862  0.04751375]]
[[0.32854208 0.67145795]]
[[0.2284603 0.7715396]]
[[0.28329453 0.7167055 ]]
[[0.8734405  0.12655957]]
[[0.89532214 0.10467785]]
[[0.35055295 0.649447  ]]
[[0.15138459 0.8486154 ]]
[[0.9152599  0.08474006]]
[[0.05485448 0.94514555]]
[[0.21771212 0.78228784]]
[[0.928529   0.07147102]]
[[0.29903507 0.70096487]]
[[0.27838063 0.72161937]]
[[0.29434893 0.7056511 ]]
[[0.8844652 0.1155347]]
[[0.5722475  0.42775247]]
[[0.3273925 0.6726075]]
[[0.69667536 0.3033246 ]]
[[9.999167e-01 8.333917e-05]]
[[0.7662909  0.23370911]]
[[0.8425177  0.15748234]]
[[0.24169962 0.75830036]]
[[0.9579186 0.0420814]]
[[0.9816938  0.01830617]]
[[0.41634396 0.583656  ]]
[[0.30188555 0.6981145 ]]
